4294967279,60
4294967279,58
4294967279,53
4294967278,166
4294967279,167
4294967278,165
4294967279,166
4294967278,565
4294967278,533
4294967279,164
4294967278,162
4294967279,301
4294967279,162
4294967278,160
4294967294,14
4294967294,20
4294967294,13
4294967294,127
4294967294,126
4294967294,18
4294967279,161
4294967278,159
4294967279,160
4294967278,158
4294967279,51
4294967279,50
4294967279,45
4294967279,300
4294967278,564
4294967278,40
4294967278,39
4294967278,38
4294967278,37
4294967278,35
4294967278,34
4294967278,33
4294967278,32
4294967278,31
4294967278,30
4294967278,29
4294967278,28
4294967278,27
4294967278,26
4294967278,25
4294967278,24
4294967278,23
4294967278,22
4294967278,21
4294967278,20
4294967278,19
4294967278,18
4294967278,17
4294967278,16
4294967278,15
4294967278,14
4294967278,13
4294967278,11
4294967278,10
4294967278,9
4294967278,8
4294967278,6
4294967278,5
4294967279,132
4294967279,131
4294967279,130
4294967279,128
4294967279,124
4294967279,123
4294967279,122
4294967279,121
4294967279,120
4294967279,119
4294967279,118
4294967279,117
4294967279,116
4294967279,115
4294967279,113
4294967279,112
4294967279,111
4294967279,110
4294967279,109
4294967279,108
4294967279,107
4294967279,106
4294967279,105
4294967279,104
4294967279,103
4294967279,102
4294967279,101
4294967279,100
4294967279,99
4294967279,98
4294967279,97
4294967279,96
4294967279,95
4294967279,94
4294967279,93
4294967279,92
4294967279,91
4294967279,90
4294967279,89
4294967279,87
4294967279,86
4294967279,85
4294967279,84
4294967279,35
4294967279,33
4294967279,31
4294967279,30
4294967279,29
4294967279,28
4294967279,27
4294967279,25
4294967279,24
4294967279,23
4294967279,21
4294967279,20
4294967279,15
4294967279,14
4294967279,13
4294967279,11
4294967278,307
4294967278,293
4294967279,154
4294967279,153
4294967279,297
4294967278,36
4294967278,145
4294967278,144
4294967278,139
4294967278,135
4294967278,134
4294967279,291
4294967279,16
4294967278,269
45,4
4294967279,272
45,3
45,2
45,1
4294967278,268
4294967294,128
4294967294,974
4294967279,271
4294967278,12
4294967279,270
4294967278,266
4294967279,269
44,4
4294967278,265
44,3
44,2
44,1
4294967278,300
4294967278,264
4294967279,266
4294967279,264
43,4
4294967279,265
43,3
43,2
43,1
4294967278,530
4294967279,284
4294967278,7
4294967278,259
4294967279,343
4294967278,258
42,6
4294967278,528
4294967279,259
4294967278,4
4294967279,258
42,5
4294967279,129
4294967278,527
4294967279,341
4294967278,563
42,4
4294967279,340
42,3
42,2
42,1
4294967278,526
4294967294,396
4294967294,395
4294967294,413
4294967294,399
4294967294,1419
4294967294,1421
4294967294,407
4294967294,421
4294967294,179
4294967294,384
4294967294,168
4294967294,917
4294967294,400
4294967294,455
4294967294,418
4294967294,164
4294967294,416
4294967294,391
4294967279,339
4294967279,126
4294967294,389
4294967294,114
4294967294,120
4294967279,255
4294967278,524
4294967279,378
4294967278,523
41,5
4294967279,337
4294967278,254
4294967279,254
41,4
4294967278,253
41,3
41,2
41,1
4294967278,562
4294967278,252
4294967279,377
4294967279,114
4294967278,248
4294967279,376
4294967278,245
4294967279,245
4294967278,242
4294967278,240
4294967278,238
40,4
40,3
40,2
40,1
4294967279,239
4294967278,237
4294967278,234
4294967278,232
4294967278,231
4294967279,232
4294967278,224
4294967279,229
4294967278,227
4294967279,226
38,5
4294967278,220
38,4
38,3
38,2
38,1
4294967278,218
4294967279,218
4294967278,217
4294967279,217
4294967278,522
4294967278,215
4294967279,215
4294967279,375
4294967278,521
4294967279,374
4294967279,373
4294967278,561
4294967278,560
4294967279,372
4294967278,559
4294967278,208
4294967278,558
4294967279,336
4294967279,371
4294967278,520
4294967279,370
4294967279,369
4294967278,519
4294967278,557
4294967279,335
4294967278,556
4294967278,203
4294967278,518
4294967279,368
4294967279,367
4294967278,555
4294967279,201
4294967278,517
4294967279,366
4294967278,554
4294967278,197
4294967278,553
4294967279,365
4294967279,127
4294967279,125
4294967279,334
4294967278,552
4294967279,364
4294967278,516
4294967279,333
4294967278,551
4294967294,947
4294967294,946
4294967294,944
4294967294,943
4294967294,938
4294967294,927
4294967294,902
4294967294,900
4294967294,899
4294967294,898
4294967294,897
4294967294,60
4294967279,195
4294967294,967
4294967294,966
4294967294,965
4294967294,964
4294967294,963
4294967294,962
4294967294,961
4294967294,960
4294967294,922
4294967294,921
4294967294,920
4294967294,919
4294967294,918
4294967294,916
4294967294,914
4294967294,912
4294967294,910
4294967294,907
4294967294,906
4294967294,905
4294967294,422
4294967294,401
4294967294,190
4294967294,185
4294967294,176
4294967294,173
4294967294,170
4294967294,162
4294967294,161
4294967278,192
4294967278,191
4294967278,190
4294967279,330
4294967278,512
4294967279,188
4294967278,185
4294967278,179
4294967278,176
4294967278,173
4294967279,175
4294967278,172
37,4
4294967279,173
37,3
37,2
37,1
4294967279,317
4294967278,171
